Year   Jan  Feb  Mar  Apr  May  Jun  Jul  Aug  Sep  Oct  Nov  Dec    J-D D-N    DJF  MAM  JJA  SON  Year
1880   -29  -18  -11  -19  -11  -23  -21   -9  -16  -23  -20  -22    -18 ***   ****  -14  -17  -20  1880
1881   -15  -17    4    4    2  -20   -7   -2  -14  -21  -22  -11    -10 -11    -18    3  -10  -19  1881
1882    14   15    4  -19  -16  -26  -21   -5  -10  -25  -16  -25    -11 -10      6  -10  -17  -17  1882
1883   -32  -39  -13  -17  -20  -13   -8  -15  -21  -14  -22  -16    -19 -20    -32  -17  -12  -19  1883
1884   -15   -8  -37  -43  -37  -41  -35  -26  -27  -24  -30  -29    -29 -28    -13  -39  -34  -27  1884
1885   -59  -30  -25  -42  -42  -44  -35  -31  -24  -19  -19   -5    -31 -33    -39  -36  -37  -21  1885
1886   -42  -45  -38  -28  -26  -39  -22  -34  -25  -28  -31  -26    -32 -30    -31  -31  -31  -28  1886
1887   -72  -52  -34  -39  -32  -24  -23  -32  -22  -33  -23  -33    -35 -34    -50  -35  -26  -26  1887
1888   -37  -36  -41  -22  -22  -18  -10  -16  -10    1    0   -6    -18 -20    -36  -28  -15   -3  1888
1889   -11   18    8    7   -2  -14  -10  -20  -22  -22  -33  -30    -11  -9      0    4  -14  -26  1889
1890   -44  -45  -40  -37  -46  -27  -26  -38  -39  -24  -48  -31    -37 -37    -40  -41  -30  -37  1890
1891   -41  -47  -19  -28  -19  -21  -20  -16  -13  -21  -34   -4    -24 -26    -40  -22  -19  -23  1891
1892   -28  -11  -35  -35  -25  -23  -32  -25  -12  -12  -41  -38    -26 -24    -14  -31  -27  -22  1892
1893   -79  -53  -23  -29  -36  -28  -15  -26  -20  -16  -16  -34    -31 -32    -57  -29  -23  -17  1893
1894   -53  -33  -25  -47  -34  -43  -26  -22  -24  -20  -25  -19    -31 -32    -40  -35  -30  -23  1894
1895   -44  -42  -28  -24  -26  -23  -17  -15   -8   -8  -14  -15    -22 -22    -35  -26  -19  -10  1895
1896   -25  -14  -25  -30  -18  -13   -3   -3   -2   12   -7   -3    -11 -12    -18  -24   -6    1  1896
1897   -14  -14  -13   -2   -4  -16   -7  -11   -7  -12  -19  -19    -11 -10    -10   -6  -11  -13  1897
1898    -3  -29  -51  -33  -31  -20  -23  -25  -21  -33  -37  -25    -28 -27    -17  -38  -23  -30  1898
1899   -19  -40  -34  -20  -23  -33  -17   -6   -2   -5   12  -28    -18 -18    -28  -25  -19    2  1899
1900   -37   -3    2  -12  -10  -12  -12  -10   -4    9   -9   -7     -9 -10    -22   -7  -11   -1  1900
1901   -23   -3    8   -3  -16  -12  -15  -20  -22  -30  -16  -27    -15 -13    -11   -4  -16  -23  1901
1902   -20   -3  -29  -30  -35  -35  -29  -33  -29  -30  -39  -46    -30 -28    -17  -32  -32  -33  1902
1903   -26   -4  -23  -43  -45  -46  -38  -48  -48  -48  -44  -52    -39 -38    -25  -37  -44  -47  1903
1904   -67  -58  -51  -54  -55  -51  -53  -50  -52  -39  -20  -34    -49 -50    -59  -53  -51  -37  1904
1905   -39  -59  -22  -35  -32  -30  -29  -21  -18  -25   -9  -18    -28 -29    -44  -30  -27  -17  1905
1906   -27  -29  -15   -4  -23  -20  -24  -19  -26  -18  -37  -15    -21 -22    -25  -14  -21  -27  1906
1907   -40  -50  -26  -37  -46  -42  -35  -34  -32  -23  -47  -47    -38 -36    -35  -36  -37  -34  1907
1908   -42  -30  -52  -44  -40  -40  -38  -45  -35  -44  -49  -48    -42 -42    -40  -45  -41  -43  1908
1909   -68  -46  -50  -59  -55  -52  -44  -30  -34  -36  -30  -54    -46 -46    -54  -55  -42  -33  1909
1910   -43  -43  -49  -39  -34  -36  -34  -35  -35  -37  -53  -65    -42 -41    -47  -41  -35  -42  1910
1911   -62  -57  -59  -53  -51  -47  -40  -41  -37  -22  -17  -21    -42 -46    -62  -54  -42  -25  1911
1912   -25  -11  -34  -19  -21  -25  -43  -53  -50  -56  -37  -42    -35 -33    -19  -24  -41  -48  1912
1913   -41  -42  -42  -38  -46  -47  -35  -33  -34  -33  -18   -2    -34 -38    -42  -42  -38  -28  1913
1914     5  -10  -21  -28  -22  -26  -23  -13  -12   -3  -17   -7    -15 -14     -2  -24  -21  -11  1914
1915   -16    0   -9    7   -6  -20  -10  -19  -16  -24  -11  -16    -12 -11     -8   -3  -16  -17  1915
1916    -8  -11  -27  -29  -31  -46  -35  -25  -31  -26  -39  -79    -32 -27    -12  -29  -35  -32  1916
1917   -58  -61  -60  -50  -54  -43  -24  -21  -17  -40  -28  -66    -43 -44    -66  -55  -29  -28  1917
1918   -41  -30  -24  -44  -45  -35  -31  -29  -14   -4   -9  -27    -28 -31    -46  -38  -31   -9  1918
1919   -19  -22  -19  -12  -27  -36  -28  -31  -21  -18  -40  -40    -26 -25    -23  -19  -32  -26  1919
1920   -21  -21   -7  -25  -25  -35  -30  -23  -18  -25  -25  -42    -25 -25    -27  -19  -29  -23  1920
1921    -1  -17  -21  -29  -28  -26  -14  -23  -16   -2  -12  -16    -17 -19    -20  -26  -21  -10  1921
1922   -33  -43  -12  -23  -32  -31  -24  -30  -31  -31  -13  -17    -27 -27    -30  -22  -28  -25  1922
1923   -28  -36  -33  -39  -33  -25  -28  -29  -27  -10    2   -2    -24 -25    -27  -35  -27  -12  1923
1924   -21  -22   -6  -31  -18  -22  -25  -32  -30  -32  -19  -40    -25 -22    -15  -18  -26  -27  1924
1925   -36  -37  -24  -24  -29  -32  -27  -15  -15  -17    5    9    -20 -24    -38  -26  -25   -9  1925
1926    20    7   12  -12  -21  -22  -23  -12  -12   -9   -4  -27     -9  -5     12   -7  -19   -8  1926
1927   -26  -17  -36  -30  -24  -25  -15  -20  -10    0   -2  -32    -20 -19    -23  -30  -20   -4  1927
1928     0   -7  -26  -27  -29  -36  -18  -21  -17  -16   -8  -17    -18 -20    -13  -27  -25  -14  1928
1929   -45  -59  -31  -39  -37  -40  -33  -29  -22  -12  -11  -52    -34 -31    -40  -36  -34  -15  1929
1930   -29  -26   -7  -24  -22  -20  -18  -12  -12   -8   17   -6    -14 -18    -36  -18  -17   -1  1930
1931    -9  -23   -7  -21  -19   -7   -2   -2   -6    3  -11   -9     -9  -9    -13  -16   -4   -5  1931
1932    15  -18  -19   -6  -18  -29  -23  -23  -11  -10  -26  -25    -16 -15     -4  -14  -25  -16  1932
1933   -33  -33  -29  -25  -29  -33  -21  -24  -27  -21  -29  -45    -29 -27    -31  -28  -26  -25  1933
1934   -24   -4  -32  -30  -10  -15  -10  -10  -16   -7    4   -3    -13 -17    -24  -24  -12   -6  1934
1935   -33   15  -12  -35  -30  -26  -22  -22  -20   -8  -27  -20    -20 -19     -7  -26  -23  -19  1935
1936   -28  -38  -22  -20  -18  -21   -8  -13   -9   -4   -3   -3    -16 -17    -29  -20  -14   -5  1936
1937   -13    3  -18  -17   -8   -5   -5    2   11    8    9  -12     -4  -3     -4  -14   -3   10  1937
1938     2   -2    8    4  -10  -18   -9   -6    2   11    4  -22     -3  -2     -4    1  -11    6  1938
1939    -7   -8  -19   -9   -6   -8   -8   -7   -7   -3    6   44     -3  -8    -12  -11   -8   -1  1939
1940    -5   13   15   18    9    8   12    5   13    7   17   28     12  13     17   14    8   13  1940
1941    21   33    8   17   14   12   21   14    2   33   24   20     18  19     27   13   16   20  1941
1942    26    2   10   11    9    5    0   -3   -4   -1    8    8      6   7     16   10    1    1  1942
1943    -4   14   -8    7    5   -6    8    1    6   22   20   25      8   6      6    1    1   16  1943
1944    35   27   27   20   20   20   19   18   30   26   10    3     21  23     29   22   19   22  1944
1945    10   -1    7   19    5    0    3   27   22   19    8   -8      9  10      4   10   10   16  1945
1946    15    7    1    6   -8  -21  -13  -16   -7   -6   -5  -35     -7  -5      5    0  -17   -6  1946
1947   -12   -7    8    7   -3    2   -7   -9  -13    6    2  -16     -4  -5    -18    4   -5   -1  1947
1948     7  -15  -25  -11    1   -4  -11  -12  -11   -7  -11  -22    -10 -10     -8  -12   -9  -10  1948
1949    10  -16   -2  -10   -8  -23  -14  -11  -14   -6  -10  -22    -11 -11    -10   -7  -16  -10  1949
1950   -33  -28   -7  -20  -10   -3  -10  -16  -12  -22  -38  -20    -18 -18    -28  -12  -10  -24  1950
1951   -35  -43  -21  -13    0   -2    3    6    8    5   -2   14     -7  -9    -32  -11    2    4  1951
1952    12   10  -10    2   -2   -4    4    4    7   -1  -14   -1      1   2     12   -3    1   -2  1952
1953     8   14   11   18    9   10    0    6    4    6   -6    2      7   7      7   13    5    2  1953
1954   -28  -13  -15  -16  -21  -17  -19  -16  -10   -4    6  -22    -15 -13    -13  -18  -17   -3  1954
1955    14  -18  -35  -22  -21  -12  -13    1  -11   -5  -24  -30    -15 -14     -9  -26   -8  -14  1955
1956   -16  -26  -23  -27  -31  -16  -12  -26  -20  -24  -17   -8    -21 -23    -24  -27  -18  -20  1956
1957   -11   -4   -6   -1    9   16    1   15    9    1    6   16      4   2     -7    0   11    6  1957
1958    39   24   11    3    6   -8    5   -3   -2    4    2    0      7   8     26    7   -2    1  1958
1959     8    8   18   13    4    2    6   -2   -6   -9   -9   -2      3   3      6   12    2   -8  1959
1960    -1   16  -34  -14   -7   -4   -3    2    7    7  -12   18     -2  -4      5  -18   -2    1  1960
1961     7   19    9   12   11   11    0    3    7    0    3  -15      6   8     15   11    5    3  1961
1962     7   14   12    4   -4    4    2   -2    1    0    7    0      4   3      2    4    2    3  1962
1963    -2   20  -14   -6   -4    5    9   27   20   15   15   -1      7   7      6   -8   14   17  1963
1964    -8  -12  -23  -31  -24   -2   -3  -21  -29  -31  -21  -30    -20 -17     -7  -26   -9  -27  1964
1965    -7  -17  -11  -19  -14   -9  -12   -3  -16   -5   -6   -6    -10 -12    -18  -14   -8   -9  1965
1966   -17    0    5  -13  -11    1    9   -8   -2  -15   -2   -5     -5  -5     -8   -6    1   -6  1966
1967    -6  -21    4   -5   15   -8    1    1   -6    9   -6   -3     -2  -2    -10    5   -2   -1  1967
1968   -25  -15   21   -5  -13   -7  -12   -9  -18   11   -3  -12     -7  -7    -15    1   -9   -3  1968
1969   -10  -14    1   18   19    5   -2    3    9   13   13   28      7   3    -12   13    2   11  1969
1970     9   22    8    9   -4   -2   -2   -9   11    6    2  -12      3   7     20    4   -4    6  1970
1971    -2  -19  -17   -8   -5  -19  -11   -3   -4   -6   -5   -9     -9  -9    -11  -10  -11   -5  1971
1972   -24  -16    2    0   -3    6    1   17    2    9    4   19      2  -1    -16    0    8    5  1972
1973    29   31   27   26   26   18   10    4   10   14    6   -6     16  18     26   26   11   10  1973
1974   -15  -29   -6  -12   -2   -6   -5   11  -11   -8   -7   -9     -8  -8    -16   -7    0   -9  1974
1975     7    6   13    5   16    0   -1  -19   -3   -9  -16  -17     -1  -1      1   11   -6   -9  1975
1976    -1   -6  -21   -8  -24  -16  -10  -15   -9  -26   -4   10    -11 -13     -8  -18  -13  -13  1976
1977    19   22   25   27   30   24   20   16    0    2   17    3     17  18     17   27   20    7  1977
1978     6   14   21   15    6   -2    3  -17    6    0   15   10      6   6      8   14   -5    7  1978
1979    12  -10   18   13    5   13    2   14   25   24   28   47     16  13      4   12   10   26  1979
1980    30   43   30   33   36   17   29   23   19   18   29   19     27  29     40   33   23   22  1980
1981    55   41   49   31   24   32   34   32   17   14   24   43     33  31     38   35   32   18  1981
1982    10   15   -1    9   15    5   13    7   14   13   15   43     13  13     23    8    8   14  1982
1983    52   40   42   31   36   20   17   33   39   16   32   17     31  33     45   36   24   29  1983
1984    30   17   29    8   33    5   17   16   21   16    6   -5     16  18     21   23   13   14  1984
1985    22   -7   17   11   17   18   -1   14   15   11    8   15     12  10      3   15   10   11  1985
1986    28   39   27   24   24   11   11   12    0   13   11   16     18  18     27   25   11    8  1986
1987    36   45   16   22   25   37   45   28   39   32   25   47     33  31     33   21   37   32  1987
1988    57   43   51   45   43   43   34   47   41   40   12   33     41  42     49   46   41   31  1988
1989    15   35   37   33   16   14   33   37   37   32   20   38     29  29     27   29   28   30  1989
1990    40   41   76   55   46   38   43   30   29   41   45   40     44  44     40   59   37   38  1990
1991    40   49   35   52   38   53   47   39   48   30   31   33     41  42     43   41   46   36  1991
1992    44   42   47   24   32   26   11    7    0    9    3   22     22  23     39   34   15    4  1992
1993    37   38   36   27   27   25   28   13   10   22    6   16     24  24     32   30   22   13  1993
1994    27    2   27   41   28   43   31   21   29   41   46   36     31  29     15   32   32   39  1994
1995    51   78   45   47   26   41   48   47   33   47   45   28     45  45     55   40   45   42  1995
1996    25   48   32   36   27   25   35   49   25   19   41   40     34  33     34   32   36   28  1996
1997    32   38   53   36   36   53   35   42   54   63   65   59     47  45     37   42   43   60  1997
1998    60   90   64   63   69   77   68   66   42   45   49   56     62  63     70   65   70   45  1998
1999    48   66   35   32   31   37   37   31   41   39   38   43     40  41     57   33   35   39  1999
2000    24   57   58   57   36   41   39   43   41   29   33   30     41  42     41   51   41   34  2000
2001    43   44   57   51   57   54   61   49   55   51   70   56     54  52     39   55   55   59  2001
2002    75   76   90   57   64   55   61   54   63   56   59   44     63  64     69   70   57   59  2002
2003    73   56   58   54   61   48   54   66   66   75   53   74     61  59     58   58   56   65  2003
2004    59   73   65   63   39   43   24   44   51   63   71   52     54  56     69   56   37   62  2004
2005    72   57   69   67   63   66   64   61   75   76   73   66     68  66     60   67   64   75  2005
2006    57   69   62   50   47   64   52   70   62   67   70   74     62  61     64   53   62   66  2006
2007    95   71   69   74   67   59   60   58   60   58   56   47     64  67     80   70   59   58  2007
2008    23   35   73   52   48   46   59   44   63   63   65   54     52  51     35   58   50   64  2008
2009    62   51   52   59   65   65   70   66   68   64   76   66     64  63     56   59   67   70  2009
2010    74   80   92   85   74   63   60   63   59   69   78   47     70  72     73   84   62   69  2010
2011    49   51   62   62   51   57   72   71   54   63   56   53     58  58     49   59   67   57  2011
2012    45   48   56   69   75   63   54   61   72   75   74   53     62  62     49   66   59   74  2012
2013    66   55   66   53   58   66   58   66   77   68   79   66     65  64     58   59   63   74  2013
2014    74   52   76   77   86   67   56   81   88   82   66   78     73  72     64   80   68   79  2014
2015    81   87   90   75   76   79   71   79   82  108  103  111     87  84     82   80   76   98  2015
2016   116  135  131  108   91   78   82  100   88   90   90   83     99 102    120  110   87   89  2016
2017    97  113  112   93   89   70   83   87   76   88   85   88     90  90     98   98   80   83  2017
2018    78   82   91   87   82   75   78   77   75 **** **** ****   **** ***     83   87   77 ****  2018